#points
-1 -1 -1 -1
-1 1 -1 -1
1 1 -1 -1
1 -1 -1 -1
-1 -1 1 -1
-1 1 1 -1
1 1 1 -1
1 -1 1 -1
-1 -1 -1 1
-1 1 -1 1
1 1 -1 1
1 -1 -1 1
-1 -1 1 1
-1 1 1 1
1 1 1 1
1 -1 1 1

#lines
0 1 0.224 0.486 0.745
1 2 0.902 0.306 0.294
2 3 0.224 0.486 0.745
3 0 0.902 0.306 0.294
4 5 0.224 0.486 0.745
5 6 0.902 0.306 0.294
6 7 0.224 0.486 0.745
7 4 0.902 0.306 0.294
0 4 0.376 0.701 0.494
1 5 0.376 0.701 0.494
2 6 0.376 0.701 0.494
3 7 0.376 0.701 0.494
8 9 0.224 0.486 0.745
9 10 0.902 0.306 0.294
10 11 0.224 0.486 0.745
11 8 0.902 0.306 0.294
12 13 0.224 0.486 0.745
13 14 0.902 0.306 0.294
14 15 0.224 0.486 0.745
15 12 0.902 0.306 0.294
8 12 0.376 0.701 0.494
9 13 0.376 0.701 0.494
10 14 0.376 0.701 0.494
11 15 0.376 0.701 0.494
0 8 0.875 0.322 0.620
1 9 0.875 0.322 0.620
2 10 0.875 0.322 0.620
3 11 0.875 0.322 0.620
4 12 0.875 0.322 0.620
5 13 0.875 0.322 0.620
6 14 0.875 0.322 0.620
7 15 0.875 0.322 0.620